134651     0.68    62.16  1736
138675     0.00   167.48  1219
145663     0.90   154.76  1859
161150     0.75    17.97  1935
182108     0.67    56.62   850
184724     0.82   150.75  1204
187817     0.72    93.00   328
191403     0.60    90.53  1203
244164     0.24    69.71  1067
263249     0.38   104.58   320
296419     0.32    57.92   953
313404     0.45    32.74  1542
317160     0.82    58.31  1577
330140     0.09    57.74   569
332460     0.39     1.89  1844
418690     0.04   137.49  1608
468078     0.14   105.97  1810
484382     0.17    43.58  1489
488785     0.35    70.59  1898
536945     0.96    11.82  1325
601126     0.77    19.57  1905
614820     0.25    67.35   413
659922     0.56    38.36  1892
682745     0.83   141.27  1788
705427     0.78    38.54  1869
734166     0.36    31.10  1368
755050     0.49    17.77  1938
756489     0.76    43.26  1982
794408     0.90    82.08   389
803757     0.30   163.77  1353
807440     0.19   157.36   539
838800     0.28    52.36  1856
851633     0.88    86.80   796
857608     0.18    97.31   362
865192     0.61   168.75  1787
866519     0.56    97.61   889
873789     0.24   182.68  1585
874709     0.17    96.52  1314
923614     0.13    29.34  1795
935441     0.01    77.43   855
935951     0.34     1.85  1000
940054     0.67   152.21  1209
950073     0.64   174.31   408
951533     0.12    19.84   562
976911     0.18    78.36  1634
997371     0.68   160.12  1721
