134651    78.68    62.16  1736
138675   212.00   167.48  1219
145663   195.90   154.76  1859
161150    22.75    17.97  1935
182108    71.67    56.62   850
184724   190.82   150.75  1204
187817   117.72    93.00   328
191403   114.60    90.53  1203
244164    88.24    69.71  1067
263249   132.38   104.58   320
296419    73.32    57.92   953
313404    41.45    32.74  1542
317160    73.82    58.31  1577
330140    73.09    57.74   569
332460     2.39     1.89  1844
418690   174.04   137.49  1608
468078   134.14   105.97  1810
484382    55.17    43.58  1489
488785    89.35    70.59  1898
536945    14.96    11.82  1325
601126    24.77    19.57  1905
614820    85.25    67.35   413
659922    48.56    38.36  1892
682745   178.83   141.27  1788
705427    48.78    38.54  1869
734166    39.36    31.10  1368
755050    22.49    17.77  1938
756489    54.76    43.26  1982
794408   103.90    82.08   389
803757   207.30   163.77  1353
807440   199.19   157.36   539
838800    66.28    52.36  1856
851633   109.88    86.80   796
857608   123.18    97.31   362
865192   213.61   168.75  1787
866519   123.56    97.61   889
873789   231.24   182.68  1585
874709   122.17    96.52  1314
923614    37.13    29.34  1795
935441    98.01    77.43   855
935951     2.34     1.85  1000
940054   192.67   152.21  1209
950073   220.64   174.31   408
951533    25.12    19.84   562
976911    99.18    78.36  1634
997371   202.68   160.12  1721
