93619155   8104.62   4   11
29543877   11606.74   1   12
81711999   12982.21   5   12
78868406   223.76   4   14
33609304   6563.13   5   13
45717042   9902.02   4   11
98070924   2824.29   1   13
26701964   2094.25   3   12
82223817   4636.64   1   12
42977551   8092.32   1   11
84751690   14466.57   1   12
59985330   2826.73   3   15
84629106   4791.57   5   15
63888343   6279.96   2   14
45051489   9930.04   5   11
27055708   3799.53   2   15
41212003   4198.62   3   11
25704775   6943.51   1   14
94037877   9217.16   4   11
54412597   2032.61   1   12
11814159   6525.51   3   13
41427373   12665.02   1   12
22530045   8751.84   3   11
58268885   2414.42   4   11
27067084   11528.51   5   14
83459747   709.44   5   15
78392844   5408.55   5   11
34169256   582.46   3   14
56836804   14834.08   2   12
96481146   7606.40   4   15
94355762   5903.14   1   10
13557075   2169.85   3   12
82924309   1177.69   5   14
63070374   5054.90   4   15
77314106   8534.76   1   14
40628395   5516.81   2   14
11815912   11452.44   5   13
