  10030058          3      1393.70       464.57
  42327422 	NO TUVO NINGUNA VENTA EN EL DIA
  23237484          5     12601.72      2520.34
  23137484 	NO TUVO NINGUNA VENTA EN EL DIA
  15348623          4        96.82        24.20
  37492945          3      4279.30      1426.43
  48927422          2      4805.53      2402.76
  17348934          5      2522.39       504.48
  55555555          3      1110.88       370.29
  78292374          6       837.43       139.57
  98327423          4      4238.53      1059.63
  21346578          5      2000.00       400.00
