41661    212824
36190    340904
55748    904783
45144    848006
94484    904783
94254    407268
91838    537678
38763    904783
22737    380433
52118    212824
22942    522523
83538    537678
66216    904783
36822    854289
60258    854289
83102    522523
55354    537678
28216    380433
34296    407268
75999    380433
32440    191442
43979    466949
39005    904783
36451    191442
51090    869975
70897    191442
37900    340904
39579    848006
28048    191442
64795    380433
69445    629060
82187    869975
44776    783730
88185    904783
40997    466949
12571    212824
94637    783730
77911    869975
49811    904783
64512    643633
38728    537678
83982    869975
44190    783730
31093    904783
12446    466949
99540    629060
54713    212824
16893    904783
83279    848006
96188    522523
24609    629060
45462    537678
28291    848006
35022    854289
41186    522523
62059    466949
74324    854289
89822    854289
63348    904783
34761    212824
41273    340904
31568    904783
88161    522523
55358    407268
40816    904783
25441    340904
66143    783730
82288    340904
52284    466949
16444    340904
37746    340904
38505    869975
91363    783730
95308    629060
36452    191442
25305    643633
57048    340904
33702    869975
41326    904783
20966    340904
79476    191442
63899    522523
51775    380433
56650    191442
67186    191442
81803    854289
24384    340904
74389    848006
41824    212824
33201    380433
62846    643633
19254    407268
32147    466949
90246    537678
60997    340904
26117    854289
50926    848006
40119    848006
71116    904783
93264    380433
45320    191442
94871    340904
30011    869975
29493    854289
26719    191442
31146    537678
80153    380433
90687    407268
47031    380433
96818    629060
