10982555     8     968937633     61.7
30069162     31     965026612     71.2
32894999     75     977466745     50.9
23481761     8     936884791     35.5
77316263     124     950756283     34.1
78421229     81     934551834     32.2
86562348     111     995369917     36.5
39992412     102     972437007     20.8
24125255     20     964284264     63.6
59456492     47     951094390     54.9
99511442     46     978727870     97.1
80734688     17     998692545     61.1
56598026     93     947014078     28.7
10656086     85     971041056     57.4
66326030     48     953838229     47.6
49263032     124     930230260     47.4
57403492     16     938185088     42.9
69718975     57     921768248     62.1
67917911     4     971817934     44.9
04678845     62     929123440     28.9
49444649     86     974405998     60.9
95089977     108     955732355     96.1
59271910     93     924015185     54.7
30783287     96     919969267     57.8
57834880     90     992016137     37.6
59847495     15     963483462     94.7
91109619     51     989115850     80.4
30700734     57     973098510     28.9
55269854     25     983192431     92.7
54261851     122     950691898     41
58916855     110     979785304     45.2
57358368     101     943514778     87.2
36568001     71     971487770     31.3
40716999     124     990152048     90.3
46969190     78     999340322     27.1
52875534     48     935853219     97.6
78595592     2     942249489     46
94857884     104     974727901     44.2
11778564     110     939693148     23.4
01399137     80     961199243     89.7
02928165     99     988737614     33.6
23247815     65     941510825     40.8
70245725     50     929546185     53.8
62093017     54     979106480     88.4
87234700     51     995349368     60.9
79655964     120     988265655     54
21390779     85     979286970     39.6
33888473     112     946592105     39.8
40843277     111     918805550     45.4
22447093     40     922053739     80
15674572     122     973903604     69.7
29693936     57     988399407     85.6
56227145     31     988252746     51.8
72663895     72     986376958     67.4
45063310     110     925149427     41.3
33896270     36     957047195     68.6
13423972     37     996674338     78.3
79826708     6     991696700     62.5
06519010     54     997048774     74
46809517     30     966857104     29.4
46270405     40     968350337     40.2
28546319     32     994822388     77.6
77679972     52     976940223     59.8
47345813     109     948540531     41.8
48039235     5     963136039     63.9
43679267     5     952439506     88.5
98660151     66     994069756     89.8
86657172     17     917146765     52.8
00271416     86     931209714     65.4
93527687     109     975105651     25.9
36409283     56     990507057     83.9
88058115     50     966354170     48.1
30427285     26     911754067     33.5
80824368     69     916998509     58.5
03280835     98     936697482     90.7
75924350     102     971477733     39.2
59603348     53     978159122     32
01509746     107     920987936     64
45953309     112     998684723     87.4
49928792     119     927959381     27.4
84386534     55     982564241     22.7
68541675     80     954985086     34.2
27138910     65     916968671     70.4
37908602     76     965619713     78.9
29061350     89     965938070     75.7
37802394     17     952000731     55.3
75676507     117     933559642     96.9
37069182     1     937220216     41.1
24994527     65     918387485     37.5
83285391     88     926372793     41.7
22250785     2     953055717     53.7
74226076     82     996082542     77.2
00720026     62     978944394     39.2
82062384     98     993464896     75.9
83484054     96     919283260     60.8
95772583     6     924982865     31.9
98585177     101     994141260     59.7


