78392844   990755432   2865.25
63888343   977001901   13843.66
93619155   999553294   8416.56
26701964   993417886   4543.48
45051489   961094675   4409.70
83459747   973413993   2863.55
82924309   994554155   591.37
82223817   997637084   14985.77
54412597   976992992   10157.88
33609304   966241431   3470.36
63070374   966319599   378.33
98070924   999095733   11702.55
11815912   972316133   7996.73
96481146   978274059   5688.46
41212003   982640690   13247.15
25704775   978038682   7737.68
78868406   984051038   11067.97
45717042   981995444   11312.83
58268885   972750056   5667.14
84751690   979380834   5520.40
40628395   977011454   9086.32
29543877   983840540   11169.69
27055708   979038437   12712.50
41427373   975930030   3646.56
34169256   977893572   12357.19
11814159   994824461   5658.42
27067084   977007730   4842.70
13557075   975463589   3934.43
56836804   977742563   13741.18
94355762   987895728   2668.90
77314106   974553912   8092.58
81711999   961030300   8925.73
84629106   980460153   13582.77
59985330   991880607   631.04
94037877   980915507   11329.25
42977551   980332962   864.00
22530045   964497199   11335.51
